tests/trivial_camera/qe_curves/ccd00/per_amp/19800101T000000.ecsv
# %ECSV 0.9
# ---
# datatype:
# - name: amp_name
#   datatype: string
# - name: wavelength
#   unit: nm
#   datatype: float32
# - name: efficiency
#   unit: '%'
#   datatype: float32
# meta: !!omap
# - MODE: AMP
# - TYPE: QE
# - CALIBDATE: '1980-01-01T00:00:00'
# - INSTRUME: trivial_camera
# - OBSTYPE: qe_curves
# - DETECTOR: 0
# - CALIB_ID: raftName=None detectorName=ccd00 detector=0 calibDate=1980-01-01T00:00:00 ccd=0 ccdnum=0 filter=None
# - DATE: '2019-09-27T22:15:13.518320'
# - CALIB_CREATION_DATE: '2019-09-27'
# - CALIB_CREATION_TIME: '22:15:13'
# schema: astropy-2.0
amp_name wavelength efficiency
C05 319.994 47.337986
C05 324.969 49.116016
C05 349.982 59.225876
C05 374.975 73.83557
C05 400.019 84.35934
C05 424.965 85.27013
C05 450.035 84.846214
C05 475.003 84.76231
C05 500.018 85.13241
C05 525.002 85.92787
C05 550.029 87.00211
C05 575.023 88.70554
C05 599.982 90.66079
C05 619.997 91.58269
C05 624.979 91.965775
C05 650.012 93.37485
C05 675.004 94.65152
C05 700.03 95.34997
C05 725.012 96.2547
C05 750.022 97.4361
C05 774.987 98.476265
C05 799.976 98.472984
C05 824.988 97.69205
C05 850.022 96.83473
C05 869.967 94.55726
C05 875.002 93.83655
C05 899.999 87.650566
C05 919.999 79.75753
C05 925.012 76.93403
C05 949.965 63.253216
C05 975.002 52.459076
C05 999.976 30.938946
C05 1025.028 15.252062
C05 1050.014 6.255934
C05 1075.002 3.3764942
C05 1099.99 2.3237638
C00 319.994 48.50327
C00 324.969 50.467396
C00 349.982 60.900608
C00 374.975 74.47507
C00 400.019 84.040535
C00 424.965 84.680214
C00 450.035 84.352005
C00 475.003 84.50097
C00 500.018 85.09433
C00 525.002 86.063995
C00 550.029 87.24719
C00 575.023 88.99856
C00 599.982 90.93348
C00 619.997 91.82601
C00 624.979 92.19244
C00 650.012 93.54873
C00 675.004 94.77016
C00 700.03 95.39287
C00 725.012 96.19562
C00 750.022 97.29644
C00 774.987 98.23523
C00 799.976 98.164955
C00 824.988 97.3092
C00 850.022 96.38295
C00 869.967 94.08479
C00 875.002 93.365814
C00 899.999 87.21973
C00 919.999 79.31861
C00 925.012 76.46229
C00 949.965 62.468166
C00 975.002 51.90293
C00 999.976 30.666916
C00 1025.028 14.857037
C00 1050.014 6.0384502
C00 1075.002 3.2500217
C00 1099.99 2.2049263
C10 319.994 46.552002
C10 324.969 48.30804
C10 349.982 58.266556
C10 374.975 73.29581
C10 400.019 84.24267
C10 424.965 85.280304
C10 450.035 84.82478
C10 475.003 84.66508
C10 500.018 84.95933
C10 525.002 85.68785
C10 550.029 86.72034
C10 575.023 88.42584
C10 599.982 90.30321
C10 619.997 91.21036
C10 624.979 91.59069
C10 650.012 92.99666
C10 675.004 94.2922
C10 700.03 95.09286
C10 725.012 96.23107
C10 750.022 97.74457
C10 774.987 99.08034
C10 799.976 99.26232
C10 824.988 98.40752
C10 850.022 97.589325
C10 869.967 95.11887
C10 875.002 94.33166
C10 899.999 87.79705
C10 919.999 79.779755
C10 925.012 76.95614
C10 949.965 63.81784
C10 975.002 52.921043
C10 999.976 31.105564
C10 1025.028 15.037649
C10 1050.014 6.1248703
C10 1075.002 3.3183053
C10 1099.99 2.2392108
C01 319.994 48.23402
C01 324.969 50.17545
C01 349.982 60.52586
C01 374.975 74.23135
C01 400.019 83.91764
C01 424.965 84.58374
C01 450.035 84.22847
C01 475.003 84.31441
C01 500.018 84.867676
C01 525.002 85.8073
C01 550.029 86.98194
C01 575.023 88.75807
C01 599.982 90.703896
C01 619.997 91.61598
C01 624.979 91.9949
C01 650.012 93.3697
C01 675.004 94.606346
C01 700.03 95.26918
C01 725.012 96.1383
C01 750.022 97.32873
C01 774.987 98.35488
C01 799.976 98.33595
C01 824.988 97.468216
C01 850.022 96.53176
C01 869.967 94.19166
C01 875.002 93.45541
C01 899.999 87.210754
C01 919.999 79.28602
C01 925.012 76.46706
C01 949.965 62.735912
C01 975.002 51.999653
C01 999.976 30.744722
C01 1025.028 14.970213
C01 1050.014 6.09
C01 1075.002 3.2506056
C01 1099.99 2.206708
C12 319.994 46.98896
C12 324.969 48.79272
C12 349.982 58.851017
C12 374.975 73.460884
C12 400.019 84.00721
C12 424.965 84.92587
C12 450.035 84.47858
C12 475.003 84.35684
C12 500.018 84.707146
C12 525.002 85.48633
C12 550.029 86.55697
C12 575.023 88.29905
C12 599.982 90.2322
C12 619.997 91.161415
C12 624.979 91.54512
C12 650.012 92.95902
C12 675.004 94.25041
C12 700.03 95.04178
C12 725.012 96.17427
C12 750.022 97.6913
C12 774.987 99.024025
C12 799.976 99.1738
C12 824.988 98.28271
C12 850.022 97.40234
C12 869.967 94.8951
C12 875.002 94.11004
C12 899.999 87.64472
C12 919.999 79.50766
C12 925.012 76.64331
C12 949.965 63.33692
C12 975.002 52.42661
C12 999.976 30.95087
C12 1025.028 15.012955
C12 1050.014 6.1054144
C12 1075.002 3.27047
C12 1099.99 2.2448416
C11 319.994 46.71825
C11 324.969 48.48971
C11 349.982 58.468758
C11 374.975 73.24543
C11 400.019 83.96999
C11 424.965 84.952354
C11 450.035 84.495415
C11 475.003 84.346855
C11 500.018 84.660355
C11 525.002 85.40663
C11 550.029 86.45255
C11 575.023 88.17713
C11 599.982 90.09138
C11 619.997 91.01522
C11 624.979 91.39871
C11 650.012 92.80839
C11 675.004 94.104706
C11 700.03 94.899704
C11 725.012 96.028656
C11 750.022 97.537025
C11 774.987 98.865814
C11 799.976 99.031715
C11 824.988 98.16759
C11 850.022 97.325226
C11 869.967 94.85839
C11 875.002 94.085396
C11 899.999 87.66773
C11 919.999 79.59396
C11 925.012 76.745125
C11 949.965 63.472115
C11 975.002 52.58112
C11 999.976 31.017298
C11 1025.028 15.071546
C11 1050.014 6.150941
C11 1075.002 3.307324
C11 1099.99 2.250453
C15 319.994 47.74698
C15 324.969 49.651154
C15 349.982 59.89838
C15 374.975 73.91641
C15 400.019 83.88833
C15 424.965 84.63799
C15 450.035 84.25489
C15 475.003 84.27942
C15 500.018 84.76314
C15 525.002 85.64537
C15 550.029 86.78283
C15 575.023 88.553604
C15 599.982 90.47283
C15 619.997 91.38837
C15 624.979 91.76647
C15 650.012 93.15196
C15 675.004 94.41393
C15 700.03 95.17592
C15 725.012 96.28602
C15 750.022 97.77217
C15 774.987 99.075645
C15 799.976 99.19184
C15 824.988 98.25355
C15 850.022 97.31477
C15 869.967 94.77741
C15 875.002 93.98037
C15 899.999 87.48386
C15 919.999 79.294075
C15 925.012 76.420494
C15 949.965 63.07624
C15 975.002 52.23468
C15 999.976 30.848185
C15 1025.028 14.9160595
C15 1050.014 6.025191
C15 1075.002 3.2276912
C15 1099.99 2.236855
C17 319.994 0.0
C17 324.969 0.0
C17 349.982 0.0
C17 374.975 0.0
C17 400.019 0.0
C17 424.965 0.0
C17 450.035 0.0
C17 475.003 0.0
C17 500.018 0.0
C17 525.002 0.0
C17 550.029 0.0
C17 575.023 0.0
C17 599.982 0.0
C17 619.997 0.0
C17 624.979 0.0
C17 650.012 0.0
C17 675.004 0.0
C17 700.03 0.0
C17 725.012 0.0
C17 750.022 0.0
C17 774.987 0.0
C17 799.976 0.0
C17 824.988 0.0
C17 850.022 0.0
C17 869.967 0.0
C17 875.002 0.0
C17 899.999 0.0
C17 919.999 0.0
C17 925.012 0.0
C17 949.965 0.0
C17 975.002 0.0
C17 999.976 0.0
C17 1025.028 0.0
C17 1050.014 0.0
C17 1075.002 0.0
C17 1099.99 0.0
C02 319.994 47.994175
C02 324.969 49.899265
C02 349.982 60.195286
C02 374.975 74.15842
C02 400.019 84.0717
C02 424.965 84.79703
C02 450.035 84.41612
C02 475.003 84.44594
C02 500.018 84.9465
C02 525.002 85.84679
C02 550.029 86.99618
C02 575.023 88.764854
C02 599.982 90.71921
C02 619.997 91.64398
C02 624.979 92.02432
C02 650.012 93.422035
C02 675.004 94.67316
C02 700.03 95.359276
C02 725.012 96.26729
C02 750.022 97.493996
C02 774.987 98.558334
C02 799.976 98.56149
C02 824.988 97.69374
C02 850.022 96.7769
C02 869.967 94.39147
C02 875.002 93.64839
C02 899.999 87.32057
C02 919.999 79.36254
C02 925.012 76.5602
C02 949.965 62.958824
C02 975.002 52.14955
C02 999.976 30.816372
C02 1025.028 15.065795
C02 1050.014 6.131482
C02 1075.002 3.2763653
C02 1099.99 2.2273006
C16 319.994 47.967922
C16 324.969 49.90423
C16 349.982 60.19094
C16 374.975 73.932106
C16 400.019 83.67061
C16 424.965 84.36511
C16 450.035 84.01689
C16 475.003 84.109344
C16 500.018 84.65296
C16 525.002 85.5681
C16 550.029 86.727394
C16 575.023 88.49024
C16 599.982 90.38802
C16 619.997 91.28237
C16 624.979 91.65437
C16 650.012 93.01755
C16 675.004 94.25613
C16 700.03 94.98873
C16 725.012 96.05104
C16 750.022 97.48202
C16 774.987 98.72856
C16 799.976 98.8131
C16 824.988 97.86424
C16 850.022 96.917435
C16 869.967 94.42937
C16 875.002 93.6574
C16 899.999 87.26511
C16 919.999 79.04744
C16 925.012 76.146416
C16 949.965 62.62822
C16 975.002 51.86021
C16 999.976 30.713982
C16 1025.028 14.884186
C16 1050.014 5.9963613
C16 1075.002 3.2122366
C16 1099.99 2.2282376
C07 319.994 46.721313
C07 324.969 48.475094
C07 349.982 58.48601
C07 374.975 73.50433
C07 400.019 84.41526
C07 424.965 85.443054
C07 450.035 85.00006
C07 475.003 84.860886
C07 500.018 85.17285
C07 525.002 85.9081
C07 550.029 86.94816
C07 575.023 88.62699
C07 599.982 90.51989
C07 619.997 91.42644
C07 624.979 91.80196
C07 650.012 93.20802
C07 675.004 94.49009
C07 700.03 95.1908
C07 725.012 96.06161
C07 750.022 97.223564
C07 774.987 98.23033
C07 799.976 98.260155
C07 824.988 97.50445
C07 850.022 96.69666
C07 869.967 94.41999
C07 875.002 93.703964
C07 899.999 87.56849
C07 919.999 79.82469
C07 925.012 77.0433
C07 949.965 63.58703
C07 975.002 52.744953
C07 999.976 31.006325
C07 1025.028 15.195868
C07 1050.014 6.1556573
C07 1075.002 3.3030236
C07 1099.99 2.2376862
C03 319.994 47.73661
C03 324.969 49.60902
C03 349.982 59.84877
C03 374.975 74.046326
C03 400.019 84.17386
C03 424.965 84.959045
C03 450.035 84.557495
C03 475.003 84.54146
C03 500.018 84.9889
C03 525.002 85.85376
C03 550.029 86.97471
C03 575.023 88.728264
C03 599.982 90.685875
C03 619.997 91.614784
C03 624.979 91.99689
C03 650.012 93.4014
C03 675.004 94.66621
C03 700.03 95.35971
C03 725.012 96.278625
C03 750.022 97.5086
C03 774.987 98.5749
C03 799.976 98.583275
C03 824.988 97.72735
C03 850.022 96.79711
C03 869.967 94.432594
C03 875.002 93.69626
C03 899.999 87.37876
C03 919.999 79.3568
C03 925.012 76.53036
C03 949.965 62.874
C03 975.002 52.031605
C03 999.976 30.756088
C03 1025.028 15.117101
C03 1050.014 6.1639385
C03 1075.002 3.2940385
C03 1099.99 2.235985
C13 319.994 47.31882
C13 324.969 49.14911
C13 349.982 59.280315
C13 374.975 73.707794
C13 400.019 84.06657
C13 424.965 84.92339
C13 450.035 84.49346
C13 475.003 84.416756
C13 500.018 84.80547
C13 525.002 85.61763
C13 550.029 86.71065
C13 575.023 88.45973
C13 599.982 90.401886
C13 619.997 91.32946
C13 624.979 91.708336
C13 650.012 93.11563
C13 675.004 94.39857
C13 700.03 95.1844
C13 725.012 96.32255
C13 750.022 97.83773
C13 774.987 99.16686
C13 799.976 99.3035
C13 824.988 98.401215
C13 850.022 97.49845
C13 869.967 94.96162
C13 875.002 94.15862
C13 899.999 87.63682
C13 919.999 79.45057
C13 925.012 76.58418
C13 949.965 63.324448
C13 975.002 52.42513
C13 999.976 30.908697
C13 1025.028 14.965712
C13 1050.014 6.0672717
C13 1075.002 3.2508261
C13 1099.99 2.2503872
C04 319.994 47.590126
C04 324.969 49.426353
C04 349.982 59.61792
C04 374.975 74.05573
C04 400.019 84.40719
C04 424.965 85.25905
C04 450.035 84.847404
C04 475.003 84.80302
C04 500.018 85.2163
C04 525.002 86.043755
C04 550.029 87.1468
C04 575.023 88.88042
C04 599.982 90.82726
C04 619.997 91.74871
C04 624.979 92.13335
C04 650.012 93.53556
C04 675.004 94.80983
C04 700.03 95.506935
C04 725.012 96.42064
C04 750.022 97.63757
C04 774.987 98.69196
C04 799.976 98.70535
C04 824.988 97.879845
C04 850.022 96.975204
C04 869.967 94.65703
C04 875.002 93.92699
C04 899.999 87.67788
C04 919.999 79.68357
C04 925.012 76.85249
C04 949.965 63.157932
C04 975.002 52.28313
C04 999.976 30.912296
C04 1025.028 15.252809
C04 1050.014 6.232847
C04 1075.002 3.3348322
C04 1099.99 2.2608721
C14 319.994 47.434547
C14 324.969 49.295
C14 349.982 59.47311
C14 374.975 73.67273
C14 400.019 83.812256
C14 424.965 84.61015
C14 450.035 84.19984
C14 475.003 84.17073
C14 500.018 84.60053
C14 525.002 85.447296
C14 550.029 86.557335
C14 575.023 88.316956
C14 599.982 90.25094
C14 619.997 91.175835
C14 624.979 91.55158
C14 650.012 92.953384
C14 675.004 94.22282
C14 700.03 94.99779
C14 725.012 96.12068
C14 750.022 97.629944
C14 774.987 98.952156
C14 799.976 99.080605
C14 824.988 98.16427
C14 850.022 97.24477
C14 869.967 94.69907
C14 875.002 93.898834
C14 899.999 87.37388
C14 919.999 79.1969
C14 925.012 76.3348
C14 949.965 63.10963
C14 975.002 52.26906
C14 999.976 30.825766
C14 1025.028 14.910768
C14 1050.014 6.0298524
C14 1075.002 3.2295039
C14 1099.99 2.2377982
C06 319.994 46.9801
C06 324.969 48.751644
C06 349.982 58.788254
C06 374.975 73.54901
C06 400.019 84.23007
C06 424.965 85.19682
C06 450.035 84.76437
C06 475.003 84.6537
C06 500.018 84.992386
C06 525.002 85.754265
C06 550.029 86.809364
C06 575.023 88.49935
C06 599.982 90.41901
C06 619.997 91.33242
C06 624.979 91.70957
C06 650.012 93.11484
C06 675.004 94.3891
C06 700.03 95.0875
C06 725.012 95.96195
C06 750.022 97.13663
C06 774.987 98.15195
C06 799.976 98.16672
C06 824.988 97.39875
C06 850.022 96.575165
C06 869.967 94.31547
C06 875.002 93.60339
C06 899.999 87.496895
C06 919.999 79.70542
C06 925.012 76.894844
C06 949.965 63.27541
C06 975.002 52.507915
C06 999.976 30.904179
C06 1025.028 15.230802
C06 1050.014 6.2328696
C06 1075.002 3.3393342
C06 1099.99 2.2553957
